tamanho 2996468
2 [(0.06715736345136908, 0.005565636548630917)]
4 [(0.06713191224784971, 0.005591087752150281), (0.0671821697955572, 0.005540830204442793)]
6 [(0.018392950368096, 0.008460929503680964), (0.08159839179775497, 0.00887539179775497), (0.08126380429057868, 0.008540804290578685), (0.08126357238406545, 0.008540572384065456), (0.0812609041681212, 0.00853790416812121), (0.08127202600996446, 0.008549026009964461)]
8 [(0.06721156758259633, 0.005511432417403664), (0.0670563513000257, 0.005666648699974297), (0.06705223436123615, 0.005670765638763842), (0.06730812933751691, 0.0054148706624830845)]
10 [(0.0672153861336652, 0.00550761386633479), (0.06716240759892171, 0.005560592401078285), (0.06723881333346039, 0.005484186666539603), (0.06708774151730518, 0.005635258482694819), (0.06708307227937925, 0.0056399277206207465)]
12 [(0.08091564952926239, 0.008192649529262394), (0.081824064077349, 0.009101064077349008), (0.08107268167909704, 0.00834968167909704), (0.0814312948420687, 0.008708294842068698), (0.08137777442222875, 0.008654774422228756), (0.08113333049955689, 0.00841033049955689), (0.08145451710549627, 0.008731517105496273), (0.08137183105189574, 0.008648831051895747), (0.08145546473958548, 0.008732464739585485), (0.08109741432865343, 0.008374414328653434), (0.08114534218714994, 0.008422342187149948), (0.08141265996089207, 0.008689659960892077)]
14 [(0.06727406692608329, 0.005448933073916709), (0.06712199754319909, 0.00560100245680091), (0.0674019218625945, 0.005321078137405497), (0.06704670175511551, 0.005676298244884484), (0.0669404838234969, 0.005782516176503091), (0.06733338609257133, 0.005389613907428661), (0.06698436930490599, 0.005738630695094005)]
16 [(0.06728083726327179, 0.005442162736728207), (0.06713164053579207, 0.005591359464207926), (0.06733148142246435, 0.005391518577535642), (0.06697632589018317, 0.0057466741098168295), (0.06714152347580543, 0.005581476524194565), (0.06697883253081911, 0.005744167469180883), (0.06677245995989299, 0.005950540040107005), (0.0676487415641205, 0.005074258435879497)]
18 [(0.08129455121058203, 0.008571551210582035), (0.08170125762606553, 0.008978257626065536), (0.08116342498509901, 0.008440424985099018), (0.08095014651904886, 0.008227146519048864), (0.08144858809601996, 0.008725588096019962), (0.0811876914988555, 0.008464691498855509), (0.08115504787699152, 0.00843204787699152), (0.08142263685073935, 0.00869963685073935), (0.0813466175822352, 0.008623617582235205), (0.08155774453313308, 0.008834744533133085), (0.08093663608377073, 0.008213636083770737), (0.08157326620368333, 0.00885026620368333), (0.08110363219486184, 0.008380632194861848), (0.08166653631022576, 0.008943536310225764), (0.0812874652866864, 0.008564465286686404), (0.08128332478405167, 0.008560324784051679), (0.0813981747102469, 0.00867517471024691), (0.08105847869687706, 0.008335478696877063)]
20 [(0.06732990270609593, 0.005393097293904067), (0.06723891751358158, 0.005484082486418421), (0.06722929131770619, 0.005493708682293805), (0.06706681326653763, 0.005656186733462368), (0.06691046151086459, 0.005812538489135405), (0.06709967055176269, 0.005623329448237305), (0.0670843885390649, 0.005638611460935097), (0.06724868469880674, 0.005474315301193258), (0.06710907938393508, 0.005613920616064916), (0.06725582380692148, 0.005467176193078516)]
22 [(0.06729712169180967, 0.0054258783081903295), (0.06676885400075752, 0.0059541459992424745), (0.06724911597506723, 0.0054738840249327625), (0.06728551776446753, 0.005437482235532462), (0.06722458786165281, 0.005498412138347189), (0.06709757796293897, 0.005625422037061026), (0.06730897737102497, 0.005414022628975029), (0.06660923809403994, 0.006113761905960052), (0.06767084930306771, 0.005052150696932281), (0.06716296635642785, 0.005560033643572146), (0.0670503319771187, 0.0056726680228813)]
24 [(0.08077248640960895, 0.008049486409608952), (0.0819258229980703, 0.009202822998070306), (0.08072701506454819, 0.00800401506454819), (0.08151041479712383, 0.008787414797123833), (0.08183354801358915, 0.009110548013589154), (0.08119493329204323, 0.008471933292043238), (0.08135942058101574, 0.008636420581015741), (0.08176101341292763, 0.009038013412927634), (0.08102702045153878, 0.008304020451538788), (0.08116101623902365, 0.008438016239023655), (0.08099999106782851, 0.008276991067828518), (0.08130392533751175, 0.008580925337511758), (0.08105818951913904, 0.008335189519139044), (0.0817243408046344, 0.009001340804634397), (0.08142454249806526, 0.008701542498065262), (0.08135200327850954, 0.008629003278509545), (0.08092271132323434, 0.00819971132323434), (0.08106908459234165, 0.008346084592341652), (0.08155129611611414, 0.008828296116114145), (0.08098166509204242, 0.008258665092042428), (0.08188855505921006, 0.00916555505921006), (0.08103078508835407, 0.008307785088354072), (0.0812884270259806, 0.008565427025980607), (0.08152188391807197, 0.008798883918071973)]
--- 29.076822996139526 seconds ---
