tamanho 2996468
1 [0.04353232156233346]
2 [0.043526214987473194, 0.043538318962248114]
3 [0.043541291757827415, 0.043543502767690055, 0.043511478218722865]
4 [0.043547742399050605, 0.04353141513690028, 0.04350481633993422, 0.04354515858717534]
5 [0.08143681610042967, 0.08125450149119406, 0.0812210775853493, 0.08132266179254327, 0.08130182378410276]
6 [0.04358276003269918, 0.04357463219101959, 0.04348236565598927, 0.043500323230989374, 0.04351324827427511, 0.04353993828421838]
7 [0.043469662572631164, 0.04360174617539627, 0.04354470318783877, 0.04353326161734437, 0.04353746337514287, 0.043537331101200526, 0.04350159561924063]
8 [0.043536509429057464, 0.04351206745512438, 0.04352120697186028, 0.04354985208852298, 0.0435591596726866, 0.04355117243570654, 0.043488690259437274, 0.043538772943057795]
9 [0.04359792201678358, 0.04357575476535918, 0.04354597319957105, 0.043519572581982156, 0.04353055835418955, 0.04350582655969894, 0.043506038703427063, 0.04352532436895563, 0.04348310188996473]
10 [0.08130848035792881, 0.08138531222947205, 0.08126914740677532, 0.08139099131641285, 0.0812267878604816, 0.08156485822134371, 0.08112430368172951, 0.08117206793539046, 0.08125643261913558, 0.08137552399435]
11 [0.04354201769847725, 0.04355859818503828, 0.04354088418911343, 0.04350364509376506, 0.04347184060961145, 0.04358623475910249, 0.04355004786045626, 0.04360973346840215, 0.043511320289094844, 0.04351043945607087, 0.04346988502068452]
12 [0.04356787136667615, 0.043546922616490874, 0.04342812170239492, 0.043445911334080864, 0.04353906103351074, 0.043492445287500875, 0.04359788033015126, 0.04360314251255077, 0.04353576899721583, 0.04355533307536322, 0.04348744237259332, 0.04358681471798272]
13 [0.04347660672645796, 0.04352422033404303, 0.04362875796522288, 0.043465731668775404, 0.04359361703327331, 0.04353961814876983, 0.04353799034020429, 0.04354383650477223, 0.04352199506339178, 0.0435919840230964, 0.04343990483321967, 0.04353395347305011, 0.043530235365209065]
14 [0.043494087059554855, 0.043565605150509716, 0.043615409147679966, 0.043629375252543234, 0.04352565421290312, 0.04355169174117428, 0.04345066746728154, 0.04344556167260505, 0.0436366135606845, 0.043473515274139764, 0.04343639789144235, 0.04354859474757064, 0.04352210301309606, 0.04355399589318076]
15 [0.0815120063084597, 0.08153873426574076, 0.08134380803473196, 0.08146835817762971, 0.08140505608897927, 0.08121573354688835, 0.08089564428046969, 0.08135610592922243, 0.08123045839956497, 0.08128376775164017, 0.08158228106822274, 0.08132861755872045, 0.08096412805069966, 0.08126396589794511, 0.08121590314674468]
16 [0.04356467666737362, 0.04348882379921877, 0.0435428312977201, 0.0435130444019133, 0.04353920207222876, 0.04357048199126505, 0.043482859795504265, 0.043538017807414, 0.043509597447683644, 0.04353520631894969, 0.04349964649834988, 0.04358447750602549, 0.043578114705728886, 0.04352936300307443, 0.043495858595862885, 0.0435394469312963]
17 [0.04360550460658095, 0.043488953191995444, 0.04343817257564858, 0.04359071990633101, 0.04346161061510278, 0.04348511322162675, 0.043471621729617015, 0.04358266215489313, 0.0435537287689989, 0.04365393003766839, 0.043531023111950444, 0.04358505899009686, 0.04361210197063581, 0.04345901177445039, 0.043486910548035815, 0.043543751779679424, 0.04350335834273688]
18 [0.04363601592363867, 0.043618765034944676, 0.04349720859548075, 0.04352862323802998, 0.04349859634832848, 0.043552385284970435, 0.04359982854868913, 0.04354036021060395, 0.043490478319649695, 0.043558609366358164, 0.04353582768879155, 0.043593730710306325, 0.043512849779214616, 0.04356193094857319, 0.04345807448953616, 0.04341414363461377, 0.043509461222631954, 0.04347595909949416]
19 [0.04347420649603032, 0.04357137788637654, 0.04358069447814407, 0.04344714422578412, 0.04364527488481181, 0.04360026864058371, 0.04366091618643756, 0.04342687184766951, 0.04357260545294271, 0.04345625842104654, 0.043613947653010306, 0.04342214540278372, 0.04357897816864661, 0.043523072024273676, 0.04351594295516212, 0.04349384804355987, 0.043572185758200044, 0.04343103793665289, 0.04352581924281454]
20 [0.081295728101264, 0.0815503723448204, 0.08135828091115907, 0.08141162379310847, 0.08142397337201909, 0.08149783901133197, 0.08135010755450936, 0.08125181236926639, 0.08144673192953386, 0.081244965275424, 0.08131996863390327, 0.08122155746527272, 0.08117958325174246, 0.08136883096188144, 0.08102915233143002, 0.0816329198691671, 0.08090127154819911, 0.08109512749137014, 0.0810653773911243, 0.08150410247059142]
--- 21.7016658782959 seconds ---
